# oST version 5.0 parameters


[image]

width
640

height
480

[narrow_stereo]

camera matrix
799.577872 0.000000 279.899495
0.000000 794.397569 191.116430
0.000000 0.000000 1.000000

distortion
0.210667 -0.253373 -0.035337 -0.012800 0.000000

rectification
1.000000 0.000000 0.000000
0.000000 1.000000 0.000000
0.000000 0.000000 1.000000

projection
834.680542 0.000000 276.277071 0.000000
0.000000 815.848572 181.989550 0.000000
0.000000 0.000000 1.000000 0.000000

