image_width: 640
image_height: 480
camera_name: narrow_stereo
camera_matrix:
  rows: 3
  cols: 3
  data: [799.577872, 0.000000, 279.899495, 0.000000, 794.397569, 191.116430, 0.000000, 0.000000, 1.000000]
distortion_model: plumb_bob
distortion_coefficients:
  rows: 1
  cols: 5
  data: [0.210667, -0.253373, -0.035337, -0.012800, 0.000000]
rectification_matrix:
  rows: 3
  cols: 3
  data: [1.000000, 0.000000, 0.000000, 0.000000, 1.000000, 0.000000, 0.000000, 0.000000, 1.000000]
projection_matrix:
  rows: 3
  cols: 4
  data: [834.680542, 0.000000, 276.277071, 0.000000, 0.000000, 815.848572, 181.989550, 0.000000, 0.000000, 0.000000, 1.000000, 0.000000]
