real (m):
	width   : 0.033
	height  : 0.084
	distance: 0.7692

real (inch):
	width   : 1.2992126
	height  : 3.30708661
	distance: 30.2834645

image pixel:
	width   : 48
	height  : 114

fx / 0.7692 =  48 / 0.033
fy / 0.7692 = 114 / 0.084

fx  = 1118.83636
fy  = 1043.91429
