# oST version 5.0 parameters


[image]

width
640

height
480

[narrow_stereo]

camera matrix
832.844218 0.000000 376.311276
0.000000 824.141756 246.445232
0.000000 0.000000 1.000000

distortion
-0.177140 0.695718 0.011761 0.019216 0.000000

rectification
1.000000 0.000000 0.000000
0.000000 1.000000 0.000000
0.000000 0.000000 1.000000

projection
831.430237 0.000000 381.802052 0.000000
0.000000 825.804993 249.681487 0.000000
0.000000 0.000000 1.000000 0.000000

