# oST version 5.0 parameters


[image]

width
800

height
600

[narrow_stereo]

camera matrix
1224.779900 0.000000 432.723507
0.000000 1216.415171 446.712683
0.000000 0.000000 1.000000

distortion
0.184356 0.037307 0.026148 0.016561 0.000000

rectification
1.000000 0.000000 0.000000
0.000000 1.000000 0.000000
0.000000 0.000000 1.000000

projection
1258.471802 0.000000 438.486377 0.000000
0.000000 1247.961548 451.000110 0.000000
0.000000 0.000000 1.000000 0.000000

