image_width: 800
image_height: 600
camera_name: narrow_stereo
camera_matrix:
  rows: 3
  cols: 3
  data: [1224.779900, 0.000000, 432.723507, 0.000000, 1216.415171, 446.712683, 0.000000, 0.000000, 1.000000]
distortion_model: plumb_bob
distortion_coefficients:
  rows: 1
  cols: 5
  data: [0.184356, 0.037307, 0.026148, 0.016561, 0.000000]
rectification_matrix:
  rows: 3
  cols: 3
  data: [1.000000, 0.000000, 0.000000, 0.000000, 1.000000, 0.000000, 0.000000, 0.000000, 1.000000]
projection_matrix:
  rows: 3
  cols: 4
  data: [1258.471802, 0.000000, 438.486377, 0.000000, 0.000000, 1247.961548, 451.000110, 0.000000, 0.000000, 0.000000, 1.000000, 0.000000]
