# oST version 5.0 parameters


[image]

width
800

height
600

[narrow_stereo]

camera matrix
1087.256047 0.000000 303.973537
0.000000 1073.786079 330.646156
0.000000 0.000000 1.000000

distortion
-0.065886 0.392173 -0.013475 -0.025162 0.000000

rectification
1.000000 0.000000 0.000000
0.000000 1.000000 0.000000
0.000000 0.000000 1.000000

projection
1091.439697 0.000000 294.417061 0.000000
0.000000 1089.504639 326.160058 0.000000
0.000000 0.000000 1.000000 0.000000

