image_width: 800
image_height: 600
camera_name: narrow_stereo
camera_matrix:
  rows: 3
  cols: 3
  data: [1087.256047, 0.000000, 303.973537, 0.000000, 1073.786079, 330.646156, 0.000000, 0.000000, 1.000000]
distortion_model: plumb_bob
distortion_coefficients:
  rows: 1
  cols: 5
  data: [-0.065886, 0.392173, -0.013475, -0.025162, 0.000000]
rectification_matrix:
  rows: 3
  cols: 3
  data: [1.000000, 0.000000, 0.000000, 0.000000, 1.000000, 0.000000, 0.000000, 0.000000, 1.000000]
projection_matrix:
  rows: 3
  cols: 4
  data: [1091.439697, 0.000000, 294.417061, 0.000000, 0.000000, 1089.504639, 326.160058, 0.000000, 0.000000, 0.000000, 1.000000, 0.000000]
